[
    [
        1,
        0.038
    ],
    [
        2,
        0.048
    ],
    [
        3,
        0.06
    ],
    [
        4,
        0.077
    ],
    [
        5,
        0.1
    ],
    [
        6,
        0.13
    ],
    [
        7,
        0.16000000000000003
    ],
    [
        8,
        0.195
    ],
    [
        9,
        0.24500000000000002
    ],
    [
        10,
        0.30000000000000004
    ],
    [
        11,
        0.38
    ],
    [
        12,
        0.48
    ],
    [
        13,
        0.6000000000000001
    ],
    [
        14,
        0.77
    ],
    [
        15,
        0.9400000000000001
    ],
    [
        16,
        1.2
    ],
    [
        17,
        1.5
    ],
    [
        18,
        1.9
    ],
    [
        19,
        2.4
    ],
    [
        20,
        3.0
    ],
    [
        21,
        4.1
    ]
]